15 15
10 1 1 1 11 -1 -1 -1 -1 10 1 1 1 1 11 
12 3 3 3 13 -1 -1 -1 -1 12 3 3 3 3 13 
5 -1 -1 -1 4 1 1 1 1 5 -1 -1 -1 -1 4 
5 -1 -1 -1 6 3 3 3 3 7 -1 -1 -1 -1 4 
5 -1 -1 -1 -1 -1 -1 -1 -1 -1 -1 -1 -1 -1 4 
5 -1 -1 -1 8 1 1 1 1 9 -1 -1 -1 -1 4 
14 1 1 1 15 3 3 3 3 14 1 9 8 1 15 
16 3 3 3 17 -1 -1 -1 -1 16 3 5 4 3 17 
10 1 1 1 11 -1 -1 -1 -1 10 1 5 4 1 11 
12 3 3 3 13 -1 -1 -1 -1 12 3 7 6 3 13 
5 -1 -1 -1 4 1 1 1 1 5 -1 -1 -1 -1 4 
5 -1 -1 -1 6 3 3 3 3 7 -1 -1 -1 -1 4 
5 -1 -1 -1 8 1 1 1 1 9 -1 -1 -1 -1 4 
14 1 1 1 15 3 3 3 3 14 1 1 1 1 15 
16 3 3 3 17 -1 -1 -1 -1 16 3 3 3 3 17 
-1 -1 -1 -1 -1 -1 -1 -1 -1 -1 -1 -1 -1 -1 -1 
-1 -1 -1 -1 -1 -1 -1 -1 -1 -1 -1 -1 -1 -1 -1 
0 0 0 0 0 -1 -1 -1 -1 0 0 0 0 0 0 
0 0 0 0 0 -1 -1 -1 -1 0 0 0 0 0 0 
0 0 0 0 0 0 0 0 0 0 0 0 0 0 0 
0 0 0 0 0 0 0 0 0 0 0 0 0 0 0 
0 0 0 0 0 0 0 0 0 0 0 0 0 0 0 
0 0 0 0 0 -1 -1 -1 -1 0 0 0 0 0 0 
-1 -1 -1 -1 -1 -1 -1 -1 -1 -1 -1 0 0 -1 -1 
-1 -1 -1 -1 -1 -1 -1 -1 -1 -1 -1 0 0 -1 -1 
0 0 0 0 0 -1 -1 -1 -1 0 0 0 0 0 0 
0 0 0 0 0 -1 -1 -1 -1 0 0 0 0 0 0 
0 0 0 0 0 0 0 0 0 0 0 0 0 0 0 
0 0 0 0 0 0 0 0 0 0 0 0 0 0 0 
0 0 0 0 0 -1 -1 -1 -1 0 0 0 0 0 0 
